-1.000000000000000000e+00
-9.723606797749978492e-01
-9.276393202250021730e-01
-9.000000000000000222e-01
-9.000000000000000222e-01
-8.723606797749978714e-01
-8.276393202250020842e-01
-8.000000000000000444e-01
-8.000000000000000444e-01
-7.723606797749978936e-01
-7.276393202250021064e-01
-6.999999999999999556e-01
-6.999999999999999556e-01
-6.723606797749978048e-01
-6.276393202250021286e-01
-5.999999999999999778e-01
-5.999999999999999778e-01
-5.723606797749978270e-01
-5.276393202250020398e-01
-5.000000000000000000e-01
-5.000000000000000000e-01
-4.723606797749978492e-01
-4.276393202250020620e-01
-3.999999999999999112e-01
-3.999999999999999112e-01
-3.723606797749978159e-01
-3.276393202250020287e-01
-2.999999999999999334e-01
-2.999999999999999334e-01
-2.723606797749978381e-01
-2.276393202250020509e-01
-1.999999999999999556e-01
-1.999999999999999556e-01
-1.723606797749978603e-01
-1.276393202250020731e-01
-9.999999999999997780e-02
-9.999999999999997780e-02
-7.236067977499788251e-02
-2.763932022500209529e-02
0.000000000000000000e+00
0.000000000000000000e+00
2.763932022500212998e-02
7.236067977499795190e-02
1.000000000000000888e-01
1.000000000000000888e-01
1.276393202250022119e-01
1.723606797749980268e-01
2.000000000000001776e-01
2.000000000000001776e-01
2.276393202250022452e-01
2.723606797749980046e-01
3.000000000000000444e-01
3.000000000000000444e-01
3.276393202250021952e-01
3.723606797749979824e-01
4.000000000000001332e-01
4.000000000000001332e-01
4.276393202250022285e-01
4.723606797749979602e-01
5.000000000000000000e-01
5.000000000000000000e-01
5.276393202250021508e-01
5.723606797749979380e-01
6.000000000000000888e-01
6.000000000000000888e-01
6.276393202250022396e-01
6.723606797749980268e-01
7.000000000000001776e-01
7.000000000000001776e-01
7.276393202250022174e-01
7.723606797749980046e-01
8.000000000000000444e-01
8.000000000000000444e-01
8.276393202250021952e-01
8.723606797749979824e-01
9.000000000000001332e-01
9.000000000000001332e-01
9.276393202250021730e-01
9.723606797749979602e-01
1.000000000000000000e+00
