-1.000000000000000000e+00
-9.930930734141595329e-01
-9.799999999999999822e-01
-9.669069265858404316e-01
-9.599999999999999645e-01
-9.599999999999999645e-01
-9.530930734141594973e-01
-9.399999999999999467e-01
-9.269069265858405071e-01
-9.200000000000000400e-01
-9.200000000000000400e-01
-9.130930734141595728e-01
-9.000000000000000222e-01
-8.869069265858404716e-01
-8.800000000000000044e-01
-8.800000000000000044e-01
-8.730930734141595373e-01
-8.599999999999999867e-01
-8.469069265858404361e-01
-8.399999999999999689e-01
-8.399999999999999689e-01
-8.330930734141595018e-01
-8.200000000000000622e-01
-8.069069265858405116e-01
-8.000000000000000444e-01
-8.000000000000000444e-01
-7.930930734141595773e-01
-7.800000000000000266e-01
-7.669069265858404760e-01
-7.600000000000000089e-01
-7.600000000000000089e-01
-7.530930734141595417e-01
-7.399999999999999911e-01
-7.269069265858404405e-01
-7.199999999999999734e-01
-7.199999999999999734e-01
-7.130930734141595062e-01
-6.999999999999999556e-01
-6.869069265858404050e-01
-6.799999999999999378e-01
-6.799999999999999378e-01
-6.730930734141594707e-01
-6.599999999999999201e-01
-6.469069265858404805e-01
-6.400000000000000133e-01
-6.400000000000000133e-01
-6.330930734141595462e-01
-6.199999999999999956e-01
-6.069069265858404449e-01
-5.999999999999999778e-01
-5.999999999999999778e-01
-5.930930734141595106e-01
-5.800000000000000711e-01
-5.669069265858405204e-01
-5.600000000000000533e-01
-5.600000000000000533e-01
-5.530930734141595861e-01
-5.400000000000000355e-01
-5.269069265858404849e-01
-5.200000000000000178e-01
-5.200000000000000178e-01
-5.130930734141595506e-01
-5.000000000000000000e-01
-4.869069265858404494e-01
-4.799999999999999822e-01
-4.799999999999999822e-01
-4.730930734141595151e-01
-4.599999999999999645e-01
-4.469069265858404139e-01
-4.399999999999999467e-01
-4.399999999999999467e-01
-4.330930734141594796e-01
-4.199999999999999845e-01
-4.069069265858404894e-01
-4.000000000000000222e-01
-4.000000000000000222e-01
-3.930930734141595551e-01
-3.800000000000000044e-01
-3.669069265858404538e-01
-3.599999999999999867e-01
-3.599999999999999867e-01
-3.530930734141595195e-01
-3.399999999999999689e-01
-3.269069265858404183e-01
-3.199999999999999512e-01
-3.199999999999999512e-01
-3.130930734141594840e-01
-2.999999999999999889e-01
-2.869069265858404938e-01
-2.800000000000000266e-01
-2.800000000000000266e-01
-2.730930734141595595e-01
-2.600000000000000089e-01
-2.469069265858404583e-01
-2.399999999999999911e-01
-2.399999999999999911e-01
-2.330930734141595240e-01
-2.199999999999999734e-01
-2.069069265858404227e-01
-1.999999999999999556e-01
-1.999999999999999556e-01
-1.930930734141595162e-01
-1.799999999999999933e-01
-1.669069265858404705e-01
-1.600000000000000311e-01
-1.600000000000000311e-01
-1.530930734141595639e-01
-1.400000000000000133e-01
-1.269069265858404627e-01
-1.199999999999999956e-01
-1.199999999999999956e-01
-1.130930734141595284e-01
-9.999999999999997780e-02
-8.690692658584042718e-02
-7.999999999999996003e-02
-7.999999999999996003e-02
-7.309307341415952064e-02
-5.999999999999999778e-02
-4.690692658584048186e-02
-4.000000000000003553e-02
-4.000000000000003553e-02
-3.309307341415956838e-02
-2.000000000000001776e-02
-6.906926585840467148e-03
0.000000000000000000e+00
0.000000000000000000e+00
6.906926585840464546e-03
2.000000000000001776e-02
3.309307341415956838e-02
4.000000000000003553e-02
4.000000000000003553e-02
4.690692658584050267e-02
6.000000000000005329e-02
7.309307341415960391e-02
8.000000000000007105e-02
8.000000000000007105e-02
8.690692658584053820e-02
1.000000000000000888e-01
1.130930734141596394e-01
1.200000000000001066e-01
1.200000000000001066e-01
1.269069265858405460e-01
1.400000000000000133e-01
1.530930734141595084e-01
1.599999999999999201e-01
1.599999999999999201e-01
1.669069265858403872e-01
1.799999999999999378e-01
1.930930734141594884e-01
1.999999999999999556e-01
1.999999999999999556e-01
2.069069265858404227e-01
2.199999999999999734e-01
2.330930734141595240e-01
2.399999999999999911e-01
2.399999999999999911e-01
2.469069265858404583e-01
2.600000000000000089e-01
2.730930734141595595e-01
2.800000000000000266e-01
2.800000000000000266e-01
2.869069265858404938e-01
3.000000000000000444e-01
3.130930734141595950e-01
3.200000000000000622e-01
3.200000000000000622e-01
3.269069265858405293e-01
3.400000000000000799e-01
3.530930734141596306e-01
3.600000000000000977e-01
3.600000000000000977e-01
3.669069265858405648e-01
3.800000000000001155e-01
3.930930734141596661e-01
4.000000000000001332e-01
4.000000000000001332e-01
4.069069265858405449e-01
4.200000000000000400e-01
4.330930734141595351e-01
4.399999999999999467e-01
4.399999999999999467e-01
4.469069265858404139e-01
4.599999999999999645e-01
4.730930734141595151e-01
4.799999999999999822e-01
4.799999999999999822e-01
4.869069265858404494e-01
5.000000000000000000e-01
5.130930734141595506e-01
5.200000000000000178e-01
5.200000000000000178e-01
5.269069265858404849e-01
5.400000000000000355e-01
5.530930734141595861e-01
5.600000000000000533e-01
5.600000000000000533e-01
5.669069265858405204e-01
5.800000000000000711e-01
5.930930734141596217e-01
6.000000000000000888e-01
6.000000000000000888e-01
6.069069265858405560e-01
6.200000000000001066e-01
6.330930734141596572e-01
6.400000000000001243e-01
6.400000000000001243e-01
6.469069265858405915e-01
6.600000000000000311e-01
6.730930734141594707e-01
6.799999999999999378e-01
6.799999999999999378e-01
6.869069265858404050e-01
6.999999999999999556e-01
7.130930734141595062e-01
7.199999999999999734e-01
7.199999999999999734e-01
7.269069265858404405e-01
7.399999999999999911e-01
7.530930734141595417e-01
7.600000000000000089e-01
7.600000000000000089e-01
7.669069265858404760e-01
7.800000000000000266e-01
7.930930734141595773e-01
8.000000000000000444e-01
8.000000000000000444e-01
8.069069265858405116e-01
8.200000000000000622e-01
8.330930734141596128e-01
8.400000000000000799e-01
8.400000000000000799e-01
8.469069265858405471e-01
8.600000000000000977e-01
8.730930734141596483e-01
8.800000000000001155e-01
8.800000000000001155e-01
8.869069265858405826e-01
9.000000000000000222e-01
9.130930734141594618e-01
9.199999999999999289e-01
9.199999999999999289e-01
9.269069265858403961e-01
9.399999999999999467e-01
9.530930734141594973e-01
9.599999999999999645e-01
9.599999999999999645e-01
9.669069265858404316e-01
9.799999999999999822e-01
9.930930734141595329e-01
1.000000000000000000e+00
